  0.013128	  0.013147	  0.012985
  0.031157	  0.022580	  0.025867
  0.051667	  0.051597	  0.051822
  0.155876	  0.153402	  0.152907
  0.361041	  0.355335	  0.367606
  1.209582	  1.195857	  1.200996
  2.936238	  2.933849	  2.977976
  9.922133	  9.911776	 10.059528
 23.482467	 23.468362	 23.471556
  0.007147	  0.007100	  0.006937
  0.016882	  0.010575	  0.014888
  0.037707	  0.036212	  0.030943
  0.088268	  0.088763	  0.089496
  0.194557	  0.195585	  0.199355
  0.630327	  0.630361	  0.625970
  1.519638	  1.514330	  1.538085
  5.112120	  5.104632	  5.177842
 12.087406	 12.091188	 12.084417
  0.005083	  0.005067	  0.004981
  0.014901	  0.008289	  0.013720
  0.021200	  0.023516	  0.024291
  0.064027	  0.065282	  0.057532
  0.136661	  0.134490	  0.134885
  0.431420	  0.435531	  0.431367
  1.039326	  1.042052	  1.052256
  3.501638	  3.496880	  3.545295
  8.301612	  8.297633	  8.278475
  0.003943	  0.003961	  0.006301
  0.011925	  0.009869	  0.006043
  0.013426	  0.012784	  0.012793
  0.042315	  0.042281	  0.041870
  0.098945	  0.097837	  0.099844
  0.328649	  0.328988	  0.330337
  0.796502	  0.793839	  0.805236
  2.687556	  2.687501	  2.722886
  6.355220	  6.355197	  6.372686
